# ---------------------------------------------------------------------------------------------------------
# Threshold	Precision	Recall   	F1-measure	Classif-ER	Fls-Alarm-Prob	Miss-Prob   
# ---------------------------------------------------------------------------------------------------------
0.000 0.101 0.885 0.182 0.002 0.002 0.115 
0.000 0.102 0.885 0.183 0.002 0.002 0.115 
0.000 0.104 0.885 0.185 0.002 0.002 0.115 
0.000 0.111 0.883 0.198 0.002 0.002 0.117 
0.000 0.112 0.882 0.200 0.002 0.002 0.118 
0.000 0.114 0.882 0.201 0.002 0.002 0.118 
0.000 0.116 0.882 0.204 0.002 0.002 0.118 
0.000 0.116 0.882 0.205 0.002 0.002 0.118 
0.000 0.116 0.881 0.206 0.002 0.002 0.119 
0.000 0.126 0.878 0.220 0.002 0.001 0.122 
0.000 0.126 0.878 0.221 0.002 0.001 0.122 
0.000 0.127 0.878 0.222 0.001 0.001 0.122 
0.000 0.128 0.877 0.223 0.001 0.001 0.123 
0.000 0.129 0.877 0.226 0.001 0.001 0.123 
0.000 0.133 0.876 0.231 0.001 0.001 0.124 
0.000 0.139 0.874 0.239 0.001 0.001 0.126 
0.000 0.139 0.873 0.241 0.001 0.001 0.127 
0.000 0.140 0.873 0.242 0.001 0.001 0.127 
0.000 0.146 0.872 0.250 0.001 0.001 0.128 
0.000 0.150 0.871 0.257 0.001 0.001 0.129 
0.000 0.151 0.870 0.257 0.001 0.001 0.130 
0.000 0.152 0.870 0.259 0.001 0.001 0.130 
0.000 0.157 0.869 0.267 0.001 0.001 0.131 
0.000 0.163 0.867 0.274 0.001 0.001 0.133 
0.000 0.165 0.867 0.277 0.001 0.001 0.133 
0.000 0.175 0.863 0.292 0.001 0.001 0.137 
0.000 0.177 0.863 0.293 0.001 0.001 0.137 
0.000 0.177 0.863 0.294 0.001 0.001 0.137 
0.000 0.178 0.863 0.294 0.001 0.001 0.137 
0.000 0.178 0.863 0.295 0.001 0.001 0.137 
0.000 0.186 0.861 0.305 0.001 0.001 0.139 
0.000 0.192 0.859 0.314 0.001 0.001 0.141 
0.000 0.193 0.859 0.315 0.001 0.001 0.141 
0.000 0.197 0.859 0.320 0.001 0.001 0.141 
0.000 0.197 0.858 0.321 0.001 0.001 0.142 
0.000 0.199 0.858 0.323 0.001 0.001 0.142 
0.000 0.207 0.855 0.334 0.001 0.001 0.145 
0.000 0.217 0.853 0.345 0.001 0.001 0.147 
0.000 0.219 0.853 0.348 0.001 0.001 0.147 
0.000 0.225 0.852 0.355 0.001 0.001 0.148 
0.000 0.226 0.852 0.358 0.001 0.001 0.148 
0.000 0.230 0.851 0.363 0.001 0.001 0.149 
0.000 0.231 0.850 0.363 0.001 0.001 0.150 
0.000 0.237 0.849 0.371 0.001 0.001 0.151 
0.000 0.239 0.849 0.374 0.001 0.001 0.151 
0.000 0.240 0.849 0.374 0.001 0.001 0.151 
0.000 0.241 0.848 0.375 0.001 0.001 0.152 
0.000 0.243 0.847 0.378 0.001 0.001 0.153 
0.000 0.245 0.847 0.380 0.001 0.001 0.153 
0.000 0.248 0.846 0.384 0.001 0.001 0.154 
0.000 0.252 0.846 0.388 0.001 0.001 0.154 
0.000 0.253 0.846 0.390 0.001 0.001 0.154 
0.000 0.253 0.845 0.390 0.001 0.001 0.155 
0.000 0.259 0.844 0.396 0.001 0.001 0.156 
0.000 0.259 0.844 0.397 0.001 0.001 0.156 
0.000 0.266 0.843 0.404 0.001 0.001 0.157 
0.000 0.271 0.842 0.409 0.001 0.001 0.158 
0.000 0.274 0.842 0.414 0.001 0.001 0.158 
0.000 0.276 0.841 0.415 0.001 0.001 0.159 
0.000 0.279 0.841 0.418 0.001 0.001 0.159 
0.000 0.282 0.840 0.422 0.001 0.001 0.160 
0.000 0.285 0.839 0.426 0.001 0.001 0.161 
0.000 0.287 0.839 0.427 0.001 0.001 0.161 
0.000 0.292 0.838 0.433 0.001 0.000 0.162 
0.001 0.297 0.837 0.438 0.001 0.000 0.163 
0.001 0.298 0.837 0.440 0.001 0.000 0.163 
0.001 0.299 0.837 0.440 0.001 0.000 0.163 
0.001 0.308 0.834 0.450 0.000 0.000 0.166 
0.001 0.309 0.834 0.451 0.000 0.000 0.166 
0.001 0.314 0.833 0.457 0.000 0.000 0.167 
0.001 0.315 0.833 0.458 0.000 0.000 0.167 
0.001 0.317 0.833 0.460 0.000 0.000 0.167 
0.001 0.318 0.833 0.461 0.000 0.000 0.167 
0.001 0.324 0.831 0.466 0.000 0.000 0.169 
0.001 0.333 0.829 0.475 0.000 0.000 0.171 
0.001 0.333 0.829 0.476 0.000 0.000 0.171 
0.001 0.336 0.829 0.479 0.000 0.000 0.171 
0.001 0.341 0.828 0.483 0.000 0.000 0.172 
0.001 0.342 0.827 0.484 0.000 0.000 0.173 
0.001 0.350 0.826 0.491 0.000 0.000 0.174 
0.001 0.368 0.823 0.509 0.000 0.000 0.177 
0.001 0.369 0.822 0.510 0.000 0.000 0.178 
0.002 0.381 0.820 0.520 0.000 0.000 0.180 
0.002 0.382 0.819 0.522 0.000 0.000 0.181 
0.002 0.388 0.818 0.527 0.000 0.000 0.182 
0.002 0.389 0.818 0.528 0.000 0.000 0.182 
0.002 0.391 0.818 0.530 0.000 0.000 0.182 
0.002 0.395 0.817 0.533 0.000 0.000 0.183 
0.002 0.402 0.816 0.538 0.000 0.000 0.184 
0.002 0.405 0.815 0.541 0.000 0.000 0.185 
0.002 0.407 0.815 0.542 0.000 0.000 0.185 
0.002 0.409 0.814 0.544 0.000 0.000 0.186 
0.002 0.411 0.814 0.546 0.000 0.000 0.186 
0.002 0.414 0.813 0.549 0.000 0.000 0.187 
0.003 0.425 0.811 0.557 0.000 0.000 0.189 
0.003 0.428 0.810 0.560 0.000 0.000 0.190 
0.003 0.430 0.810 0.562 0.000 0.000 0.190 
0.003 0.431 0.809 0.563 0.000 0.000 0.191 
0.003 0.437 0.809 0.567 0.000 0.000 0.191 
0.003 0.442 0.808 0.571 0.000 0.000 0.192 
0.003 0.448 0.807 0.576 0.000 0.000 0.193 
0.003 0.449 0.806 0.577 0.000 0.000 0.194 
0.004 0.453 0.805 0.580 0.000 0.000 0.195 
0.004 0.465 0.803 0.589 0.000 0.000 0.197 
0.004 0.466 0.802 0.590 0.000 0.000 0.198 
0.005 0.475 0.801 0.596 0.000 0.000 0.199 
0.005 0.482 0.800 0.601 0.000 0.000 0.200 
0.005 0.483 0.800 0.602 0.000 0.000 0.200 
0.006 0.495 0.797 0.610 0.000 0.000 0.203 
0.006 0.495 0.797 0.611 0.000 0.000 0.203 
0.006 0.497 0.797 0.612 0.000 0.000 0.203 
0.006 0.500 0.796 0.614 0.000 0.000 0.204 
0.007 0.513 0.794 0.624 0.000 0.000 0.206 
0.007 0.514 0.794 0.624 0.000 0.000 0.206 
0.007 0.516 0.793 0.626 0.000 0.000 0.207 
0.007 0.517 0.793 0.626 0.000 0.000 0.207 
0.007 0.519 0.793 0.628 0.000 0.000 0.207 
0.008 0.524 0.792 0.631 0.000 0.000 0.208 
0.008 0.525 0.792 0.631 0.000 0.000 0.208 
0.008 0.533 0.791 0.636 0.000 0.000 0.209 
0.009 0.541 0.789 0.642 0.000 0.000 0.211 
0.010 0.542 0.788 0.643 0.000 0.000 0.212 
0.010 0.547 0.787 0.646 0.000 0.000 0.213 
0.011 0.555 0.786 0.650 0.000 0.000 0.214 
0.011 0.555 0.786 0.651 0.000 0.000 0.214 
0.011 0.557 0.785 0.652 0.000 0.000 0.215 
0.011 0.558 0.785 0.652 0.000 0.000 0.215 
0.011 0.559 0.784 0.653 0.000 0.000 0.216 
0.012 0.560 0.784 0.653 0.000 0.000 0.216 
0.012 0.564 0.783 0.655 0.000 0.000 0.217 
0.013 0.573 0.781 0.661 0.000 0.000 0.219 
0.016 0.587 0.778 0.670 0.000 0.000 0.222 
0.017 0.593 0.777 0.672 0.000 0.000 0.223 
0.019 0.602 0.775 0.678 0.000 0.000 0.225 
0.019 0.603 0.775 0.678 0.000 0.000 0.225 
0.019 0.604 0.774 0.679 0.000 0.000 0.226 
0.022 0.616 0.771 0.685 0.000 0.000 0.229 
0.022 0.619 0.771 0.686 0.000 0.000 0.229 
0.025 0.630 0.768 0.692 0.000 0.000 0.232 
0.025 0.631 0.768 0.693 0.000 0.000 0.232 
0.026 0.634 0.768 0.694 0.000 0.000 0.232 
0.027 0.636 0.767 0.696 0.000 0.000 0.233 
0.027 0.637 0.767 0.696 0.000 0.000 0.233 
0.029 0.642 0.766 0.699 0.000 0.000 0.234 
0.030 0.645 0.766 0.700 0.000 0.000 0.234 
0.031 0.649 0.764 0.702 0.000 0.000 0.236 
0.032 0.650 0.764 0.703 0.000 0.000 0.236 
0.032 0.651 0.764 0.703 0.000 0.000 0.236 
0.033 0.654 0.763 0.704 0.000 0.000 0.237 
0.035 0.658 0.762 0.706 0.000 0.000 0.238 
0.035 0.659 0.762 0.707 0.000 0.000 0.238 
0.036 0.660 0.762 0.708 0.000 0.000 0.238 
0.038 0.665 0.760 0.709 0.000 0.000 0.240 
0.040 0.670 0.759 0.712 0.000 0.000 0.241 
0.042 0.674 0.758 0.714 0.000 0.000 0.242 
0.043 0.676 0.757 0.714 0.000 0.000 0.243 
0.044 0.677 0.756 0.715 0.000 0.000 0.244 
0.047 0.681 0.755 0.716 0.000 0.000 0.245 
0.047 0.683 0.755 0.717 0.000 0.000 0.245 
0.048 0.683 0.755 0.717 0.000 0.000 0.245 
0.048 0.683 0.754 0.717 0.000 0.000 0.246 
0.053 0.692 0.751 0.720 0.000 0.000 0.249 
0.060 0.700 0.749 0.723 0.000 0.000 0.251 
0.062 0.704 0.747 0.725 0.000 0.000 0.253 
0.064 0.705 0.747 0.726 0.000 0.000 0.253 
0.065 0.707 0.746 0.726 0.000 0.000 0.254 
0.071 0.713 0.744 0.729 0.000 0.000 0.256 
0.074 0.718 0.743 0.730 0.000 0.000 0.257 
0.077 0.721 0.742 0.732 0.000 0.000 0.258 
0.084 0.729 0.739 0.734 0.000 0.000 0.261 
0.095 0.736 0.736 0.736 0.000 0.000 0.264 
0.097 0.739 0.736 0.737 0.000 0.000 0.264 
0.099 0.740 0.735 0.738 0.000 0.000 0.265 
0.101 0.741 0.735 0.738 0.000 0.000 0.265 
0.103 0.743 0.734 0.738 0.000 0.000 0.266 
0.108 0.746 0.733 0.739 0.000 0.000 0.267 
0.109 0.746 0.733 0.740 0.000 0.000 0.267 
0.110 0.748 0.733 0.740 0.000 0.000 0.267 
0.113 0.750 0.732 0.741 0.000 0.000 0.268 
0.123 0.756 0.729 0.743 0.000 0.000 0.271 
0.129 0.760 0.728 0.744 0.000 0.000 0.272 
0.131 0.762 0.727 0.744 0.000 0.000 0.273 
0.135 0.763 0.726 0.744 0.000 0.000 0.274 
0.141 0.767 0.725 0.745 0.000 0.000 0.275 
0.144 0.768 0.725 0.746 0.000 0.000 0.275 
0.145 0.768 0.725 0.746 0.000 0.000 0.275 
0.146 0.769 0.724 0.746 0.000 0.000 0.276 
0.147 0.769 0.724 0.746 0.000 0.000 0.276 
0.152 0.772 0.723 0.747 0.000 0.000 0.277 
0.154 0.772 0.723 0.747 0.000 0.000 0.277 
0.162 0.777 0.721 0.748 0.000 0.000 0.279 
0.163 0.777 0.721 0.748 0.000 0.000 0.279 
0.168 0.779 0.720 0.748 0.000 0.000 0.280 
0.168 0.780 0.720 0.749 0.000 0.000 0.280 
0.172 0.781 0.719 0.749 0.000 0.000 0.281 
0.174 0.782 0.718 0.749 0.000 0.000 0.282 
0.175 0.783 0.718 0.749 0.000 0.000 0.282 
0.184 0.786 0.716 0.749 0.000 0.000 0.284 
0.186 0.786 0.715 0.749 0.000 0.000 0.285 
0.192 0.788 0.714 0.749 0.000 0.000 0.286 
0.193 0.788 0.714 0.750 0.000 0.000 0.286 
0.196 0.789 0.714 0.750 0.000 0.000 0.286 
0.214 0.796 0.710 0.751 0.000 0.000 0.290 
0.221 0.797 0.709 0.751 0.000 0.000 0.291 
0.225 0.798 0.709 0.751 0.000 0.000 0.291 
0.233 0.801 0.708 0.751 0.000 0.000 0.292 
0.242 0.803 0.706 0.752 0.000 0.000 0.294 
0.247 0.804 0.706 0.752 0.000 0.000 0.294 
0.248 0.804 0.705 0.752 0.000 0.000 0.295 
0.250 0.805 0.705 0.752 0.000 0.000 0.295 
0.251 0.805 0.705 0.752 0.000 0.000 0.295 
0.252 0.805 0.705 0.752 0.000 0.000 0.295 
0.262 0.808 0.703 0.752 0.000 0.000 0.297 
0.265 0.810 0.703 0.752 0.000 0.000 0.297 
0.266 0.810 0.703 0.752 0.000 0.000 0.297 
0.269 0.810 0.702 0.753 0.000 0.000 0.298 
0.270 0.811 0.702 0.753 0.000 0.000 0.298 
0.271 0.811 0.702 0.752 0.000 0.000 0.298 
0.280 0.813 0.701 0.753 0.000 0.000 0.299 
0.295 0.817 0.699 0.753 0.000 0.000 0.301 
0.296 0.817 0.699 0.753 0.000 0.000 0.301 
0.297 0.817 0.699 0.753 0.000 0.000 0.301 
0.315 0.821 0.695 0.753 0.000 0.000 0.305 
0.318 0.821 0.694 0.752 0.000 0.000 0.306 
0.332 0.825 0.693 0.753 0.000 0.000 0.307 
0.335 0.826 0.692 0.753 0.000 0.000 0.308 
0.338 0.826 0.691 0.753 0.000 0.000 0.309 
0.339 0.826 0.691 0.753 0.000 0.000 0.309 
0.340 0.826 0.691 0.752 0.000 0.000 0.309 
0.342 0.827 0.690 0.752 0.000 0.000 0.310 
0.343 0.827 0.690 0.753 0.000 0.000 0.310 
0.349 0.828 0.690 0.753 0.000 0.000 0.310 
0.350 0.828 0.689 0.752 0.000 0.000 0.311 
0.352 0.828 0.689 0.752 0.000 0.000 0.311 
0.354 0.829 0.689 0.752 0.000 0.000 0.311 
0.357 0.829 0.689 0.752 0.000 0.000 0.311 
0.359 0.830 0.688 0.752 0.000 0.000 0.312 
0.370 0.832 0.687 0.753 0.000 0.000 0.313 
0.380 0.834 0.686 0.753 0.000 0.000 0.314 
0.390 0.836 0.684 0.753 0.000 0.000 0.316 
0.402 0.838 0.682 0.752 0.000 0.000 0.318 
0.411 0.839 0.682 0.752 0.000 0.000 0.318 
0.413 0.840 0.682 0.752 0.000 0.000 0.318 
0.420 0.841 0.681 0.752 0.000 0.000 0.319 
0.427 0.843 0.680 0.752 0.000 0.000 0.320 
0.432 0.843 0.679 0.752 0.000 0.000 0.321 
0.435 0.844 0.678 0.752 0.000 0.000 0.322 
0.444 0.845 0.677 0.752 0.000 0.000 0.323 
0.456 0.847 0.675 0.752 0.000 0.000 0.325 
0.468 0.849 0.674 0.751 0.000 0.000 0.326 
0.482 0.851 0.672 0.751 0.000 0.000 0.328 
0.489 0.854 0.671 0.751 0.000 0.000 0.329 
0.490 0.854 0.671 0.751 0.000 0.000 0.329 
0.501 0.855 0.670 0.751 0.000 0.000 0.330 
0.509 0.856 0.668 0.751 0.000 0.000 0.332 
0.515 0.857 0.666 0.750 0.000 0.000 0.334 
0.518 0.858 0.666 0.750 0.000 0.000 0.334 
0.519 0.858 0.665 0.750 0.000 0.000 0.335 
0.521 0.858 0.665 0.750 0.000 0.000 0.335 
0.523 0.859 0.665 0.750 0.000 0.000 0.335 
0.525 0.859 0.665 0.750 0.000 0.000 0.335 
0.528 0.859 0.665 0.750 0.000 0.000 0.335 
0.536 0.861 0.663 0.749 0.000 0.000 0.337 
0.545 0.861 0.662 0.749 0.000 0.000 0.338 
0.555 0.863 0.660 0.748 0.000 0.000 0.340 
0.560 0.863 0.659 0.748 0.000 0.000 0.341 
0.571 0.865 0.658 0.747 0.000 0.000 0.342 
0.589 0.867 0.656 0.747 0.000 0.000 0.344 
0.599 0.869 0.654 0.747 0.000 0.000 0.346 
0.602 0.869 0.654 0.746 0.000 0.000 0.346 
0.607 0.871 0.653 0.746 0.000 0.000 0.347 
0.608 0.871 0.653 0.746 0.000 0.000 0.347 
0.610 0.871 0.653 0.746 0.000 0.000 0.347 
0.613 0.872 0.653 0.746 0.000 0.000 0.347 
0.616 0.872 0.652 0.746 0.000 0.000 0.348 
0.621 0.873 0.651 0.746 0.000 0.000 0.349 
0.627 0.874 0.651 0.746 0.000 0.000 0.349 
0.653 0.877 0.646 0.744 0.000 0.000 0.354 
0.665 0.878 0.644 0.743 0.000 0.000 0.356 
0.668 0.879 0.643 0.743 0.000 0.000 0.357 
0.671 0.879 0.643 0.743 0.000 0.000 0.357 
0.675 0.880 0.642 0.742 0.000 0.000 0.358 
0.677 0.880 0.642 0.742 0.000 0.000 0.358 
0.690 0.883 0.640 0.742 0.000 0.000 0.360 
0.692 0.883 0.640 0.742 0.000 0.000 0.360 
0.713 0.886 0.637 0.741 0.000 0.000 0.363 
0.736 0.888 0.633 0.739 0.000 0.000 0.367 
0.742 0.889 0.632 0.739 0.000 0.000 0.368 
0.756 0.891 0.629 0.738 0.000 0.000 0.371 
0.775 0.893 0.626 0.736 0.000 0.000 0.374 
0.777 0.894 0.625 0.735 0.000 0.000 0.375 
0.780 0.894 0.624 0.735 0.000 0.000 0.376 
0.784 0.894 0.624 0.735 0.000 0.000 0.376 
0.792 0.896 0.622 0.734 0.000 0.000 0.378 
0.793 0.896 0.622 0.734 0.000 0.000 0.378 
0.796 0.897 0.621 0.734 0.000 0.000 0.379 
0.811 0.899 0.617 0.732 0.000 0.000 0.383 
0.812 0.899 0.617 0.732 0.000 0.000 0.383 
0.830 0.902 0.613 0.730 0.000 0.000 0.387 
0.834 0.903 0.612 0.730 0.000 0.000 0.388 
0.840 0.904 0.610 0.729 0.000 0.000 0.390 
0.847 0.905 0.608 0.728 0.000 0.000 0.392 
0.848 0.905 0.608 0.727 0.000 0.000 0.392 
0.850 0.905 0.607 0.727 0.000 0.000 0.393 
0.863 0.907 0.602 0.724 0.000 0.000 0.398 
0.867 0.908 0.601 0.723 0.000 0.000 0.399 
0.873 0.909 0.599 0.722 0.000 0.000 0.401 
0.874 0.909 0.599 0.722 0.000 0.000 0.401 
0.878 0.911 0.597 0.721 0.000 0.000 0.403 
0.879 0.911 0.597 0.721 0.000 0.000 0.403 
0.879 0.911 0.596 0.721 0.000 0.000 0.404 
0.885 0.912 0.594 0.720 0.000 0.000 0.406 
0.887 0.912 0.593 0.719 0.000 0.000 0.407 
0.894 0.914 0.591 0.717 0.000 0.000 0.409 
0.899 0.915 0.588 0.715 0.000 0.000 0.412 
0.900 0.915 0.587 0.715 0.000 0.000 0.413 
0.904 0.916 0.585 0.714 0.000 0.000 0.415 
0.907 0.917 0.584 0.713 0.000 0.000 0.416 
0.909 0.917 0.583 0.713 0.000 0.000 0.417 
0.911 0.918 0.581 0.711 0.000 0.000 0.419 
0.913 0.918 0.580 0.711 0.000 0.000 0.420 
0.919 0.919 0.576 0.708 0.000 0.000 0.424 
0.922 0.919 0.575 0.707 0.000 0.000 0.425 
0.923 0.920 0.574 0.707 0.000 0.000 0.426 
0.924 0.920 0.572 0.705 0.000 0.000 0.428 
0.925 0.920 0.572 0.705 0.000 0.000 0.428 
0.933 0.922 0.565 0.701 0.000 0.000 0.435 
0.934 0.922 0.564 0.700 0.000 0.000 0.436 
0.935 0.922 0.563 0.699 0.000 0.000 0.437 
0.938 0.923 0.561 0.698 0.000 0.000 0.439 
0.939 0.923 0.561 0.697 0.000 0.000 0.439 
0.940 0.923 0.560 0.697 0.000 0.000 0.440 
0.942 0.924 0.558 0.696 0.000 0.000 0.442 
0.942 0.924 0.557 0.695 0.000 0.000 0.443 
0.946 0.925 0.553 0.693 0.000 0.000 0.447 
0.949 0.926 0.550 0.690 0.000 0.000 0.450 
0.951 0.927 0.548 0.689 0.000 0.000 0.452 
0.951 0.927 0.547 0.688 0.000 0.000 0.453 
0.952 0.927 0.546 0.687 0.000 0.000 0.454 
0.954 0.928 0.545 0.686 0.000 0.000 0.455 
0.955 0.928 0.543 0.685 0.000 0.000 0.457 
0.955 0.928 0.542 0.684 0.000 0.000 0.458 
0.961 0.930 0.535 0.679 0.000 0.000 0.465 
0.961 0.930 0.534 0.679 0.000 0.000 0.466 
0.964 0.931 0.530 0.676 0.000 0.000 0.470 
0.966 0.932 0.527 0.673 0.000 0.000 0.473 
0.970 0.933 0.521 0.669 0.000 0.000 0.479 
0.974 0.934 0.512 0.662 0.000 0.000 0.488 
0.975 0.934 0.507 0.658 0.000 0.000 0.493 
0.978 0.934 0.502 0.653 0.000 0.000 0.498 
0.979 0.936 0.498 0.650 0.000 0.000 0.502 
0.980 0.936 0.497 0.650 0.000 0.000 0.503 
0.984 0.938 0.486 0.640 0.000 0.000 0.514 
0.984 0.938 0.483 0.638 0.000 0.000 0.517 
0.985 0.938 0.479 0.634 0.000 0.000 0.521 
0.986 0.939 0.476 0.632 0.000 0.000 0.524 
0.989 0.941 0.466 0.623 0.000 0.000 0.534 
0.989 0.941 0.465 0.623 0.000 0.000 0.535 
0.990 0.941 0.460 0.617 0.000 0.000 0.540 
0.990 0.941 0.458 0.616 0.000 0.000 0.542 
0.991 0.942 0.457 0.615 0.000 0.000 0.543 
0.993 0.943 0.444 0.604 0.000 0.000 0.556 
0.994 0.944 0.436 0.596 0.000 0.000 0.564 
0.994 0.944 0.434 0.594 0.000 0.000 0.566 
0.996 0.946 0.419 0.581 0.000 0.000 0.581 
0.996 0.946 0.416 0.577 0.000 0.000 0.584 
0.996 0.946 0.413 0.575 0.000 0.000 0.587 
0.996 0.947 0.408 0.570 0.000 0.000 0.592 
0.997 0.947 0.407 0.570 0.000 0.000 0.593 
0.997 0.947 0.404 0.566 0.000 0.000 0.596 
0.997 0.947 0.401 0.563 0.000 0.000 0.599 
0.997 0.947 0.400 0.562 0.000 0.000 0.600 
0.997 0.948 0.399 0.562 0.000 0.000 0.601 
0.997 0.948 0.397 0.560 0.000 0.000 0.603 
0.997 0.948 0.393 0.555 0.000 0.000 0.607 
0.998 0.949 0.378 0.540 0.000 0.000 0.622 
0.998 0.949 0.376 0.538 0.000 0.000 0.624 
0.998 0.949 0.372 0.534 0.000 0.000 0.628 
0.998 0.949 0.371 0.533 0.000 0.000 0.629 
0.998 0.950 0.369 0.531 0.000 0.000 0.631 
0.999 0.950 0.356 0.517 0.000 0.000 0.644 
0.999 0.950 0.353 0.515 0.000 0.000 0.647 
0.999 0.950 0.350 0.512 0.000 0.000 0.650 
0.999 0.950 0.348 0.510 0.000 0.000 0.652 
0.999 0.951 0.340 0.501 0.000 0.000 0.660 
0.999 0.951 0.338 0.499 0.000 0.000 0.662 
0.999 0.951 0.338 0.498 0.000 0.000 0.662 
0.999 0.951 0.336 0.497 0.000 0.000 0.664 
0.999 0.951 0.335 0.496 0.000 0.000 0.665 
0.999 0.952 0.332 0.492 0.000 0.000 0.668 
0.999 0.952 0.327 0.487 0.000 0.000 0.673 
1.000 0.952 0.320 0.479 0.000 0.000 0.680 
1.000 0.952 0.307 0.465 0.000 0.000 0.693 
1.000 0.952 0.288 0.442 0.000 0.000 0.712 
1.000 0.952 0.283 0.436 0.000 0.000 0.717 
1.000 0.952 0.280 0.432 0.000 0.000 0.720 
1.000 0.952 0.274 0.425 0.000 0.000 0.726 
1.000 0.952 0.267 0.417 0.000 0.000 0.733 
1.000 0.952 0.264 0.414 0.000 0.000 0.736 
1.000 0.952 0.261 0.410 0.000 0.000 0.739 
1.000 0.952 0.258 0.407 0.000 0.000 0.742 
1.000 0.952 0.258 0.406 0.000 0.000 0.742 
1.000 0.952 0.258 0.405 0.000 0.000 0.742 
1.000 0.952 0.257 0.405 0.000 0.000 0.743 
1.000 0.952 0.257 0.404 0.000 0.000 0.743 
1.000 0.952 0.256 0.404 0.000 0.000 0.744 
1.000 0.952 0.256 0.403 0.000 0.000 0.744 
1.000 0.952 0.255 0.403 0.000 0.000 0.745 
1.000 0.952 0.255 0.402 0.000 0.000 0.745 
1.000 0.952 0.254 0.402 0.000 0.000 0.746 
1.000 0.952 0.254 0.401 0.000 0.000 0.746 
1.000 0.952 0.253 0.400 0.000 0.000 0.747 
1.000 0.952 0.253 0.399 0.000 0.000 0.747 
1.000 0.952 0.252 0.399 0.000 0.000 0.748 
1.000 0.952 0.252 0.398 0.000 0.000 0.748 
1.000 0.952 0.251 0.398 0.000 0.000 0.749 
1.000 0.952 0.251 0.397 0.000 0.000 0.749 
1.000 0.952 0.250 0.396 0.000 0.000 0.750 
1.000 0.952 0.249 0.395 0.000 0.000 0.751 
1.000 0.952 0.249 0.394 0.000 0.000 0.751 
1.000 0.952 0.248 0.394 0.000 0.000 0.752 
1.000 0.952 0.248 0.393 0.000 0.000 0.752 
1.000 0.952 0.247 0.393 0.000 0.000 0.753 
1.000 0.952 0.247 0.392 0.000 0.000 0.753 
1.000 0.952 0.246 0.392 0.000 0.000 0.754 
1.000 0.952 0.246 0.391 0.000 0.000 0.754 
1.000 0.952 0.245 0.390 0.000 0.000 0.755 
1.000 0.952 0.245 0.389 0.000 0.000 0.755 
1.000 0.952 0.244 0.389 0.000 0.000 0.756 
1.000 0.952 0.244 0.388 0.000 0.000 0.756 
1.000 0.952 0.243 0.388 0.000 0.000 0.757 
1.000 0.952 0.243 0.387 0.000 0.000 0.757 
1.000 0.952 0.242 0.386 0.000 0.000 0.758 
1.000 0.952 0.242 0.385 0.000 0.000 0.758 
1.000 0.952 0.241 0.385 0.000 0.000 0.759 
1.000 0.952 0.241 0.384 0.000 0.000 0.759 
1.000 0.952 0.240 0.384 0.000 0.000 0.760 
1.000 0.952 0.240 0.383 0.000 0.000 0.760 
1.000 0.952 0.239 0.382 0.000 0.000 0.761 
1.000 0.952 0.238 0.381 0.000 0.000 0.762 
1.000 0.952 0.237 0.380 0.000 0.000 0.763 
1.000 0.952 0.237 0.379 0.000 0.000 0.763 
1.000 0.952 0.236 0.379 0.000 0.000 0.764 
1.000 0.952 0.236 0.378 0.000 0.000 0.764 
1.000 0.952 0.235 0.378 0.000 0.000 0.765 
1.000 0.952 0.235 0.377 0.000 0.000 0.765 
1.000 0.952 0.234 0.376 0.000 0.000 0.766 
1.000 0.952 0.234 0.375 0.000 0.000 0.766 
1.000 0.952 0.233 0.375 0.000 0.000 0.767 
1.000 0.952 0.233 0.374 0.000 0.000 0.767 
1.000 0.952 0.232 0.373 0.000 0.000 0.768 
1.000 0.952 0.231 0.372 0.000 0.000 0.769 
1.000 0.952 0.231 0.371 0.000 0.000 0.769 
1.000 0.952 0.230 0.371 0.000 0.000 0.770 
1.000 0.952 0.230 0.370 0.000 0.000 0.770 
1.000 0.952 0.229 0.369 0.000 0.000 0.771 
1.000 0.952 0.228 0.368 0.000 0.000 0.772 
1.000 0.952 0.228 0.367 0.000 0.000 0.772 
1.000 0.952 0.227 0.366 0.000 0.000 0.773 
1.000 0.952 0.226 0.365 0.000 0.000 0.774 
1.000 0.952 0.225 0.364 0.000 0.000 0.775 
1.000 0.952 0.224 0.363 0.000 0.000 0.776 
1.000 0.952 0.223 0.362 0.000 0.000 0.777 
1.000 0.952 0.223 0.361 0.000 0.000 0.777 
1.000 0.952 0.222 0.361 0.000 0.000 0.778 
1.000 0.952 0.222 0.360 0.000 0.000 0.778 
1.000 0.952 0.221 0.359 0.000 0.000 0.779 
1.000 0.952 0.221 0.358 0.000 0.000 0.779 
1.000 0.952 0.220 0.357 0.000 0.000 0.780 
1.000 0.952 0.219 0.356 0.000 0.000 0.781 
1.000 0.952 0.217 0.354 0.000 0.000 0.783 
1.000 0.952 0.216 0.353 0.000 0.000 0.784 
1.000 0.952 0.214 0.349 0.000 0.000 0.786 
1.000 0.952 0.210 0.345 0.000 0.000 0.790 
1.000 0.952 0.206 0.338 0.000 0.000 0.794 
1.000 0.952 0.198 0.328 0.000 0.000 0.802 
1.000 0.952 0.187 0.313 0.000 0.000 0.813 
1.000 0.952 0.133 0.233 0.000 0.000 0.867 
1.000 0.952 0.124 0.220 0.000 0.000 0.876 
1.000 0.952 0.123 0.218 0.000 0.000 0.877 
1.000 0.952 0.122 0.216 0.000 0.000 0.878 
1.000 0.952 0.121 0.215 0.000 0.000 0.879 
1.000 0.952 0.120 0.213 0.000 0.000 0.880 
1.000 0.952 0.119 0.211 0.000 0.000 0.881 
1.000 0.952 0.117 0.208 0.000 0.000 0.883 
1.000 0.952 0.116 0.206 0.000 0.000 0.884 
1.000 0.952 0.115 0.205 0.000 0.000 0.885 
1.000 0.952 0.114 0.203 0.000 0.000 0.886 
1.000 0.952 0.112 0.201 0.000 0.000 0.888 
1.000 0.952 0.111 0.199 0.000 0.000 0.889 
1.000 0.952 0.110 0.197 0.000 0.000 0.890 
1.000 0.952 0.109 0.195 0.000 0.000 0.891 
1.000 0.952 0.107 0.193 0.000 0.000 0.893 
1.000 0.952 0.106 0.190 0.000 0.000 0.894 
1.000 0.952 0.105 0.189 0.000 0.000 0.895 
1.000 0.952 0.104 0.187 0.000 0.000 0.896 
1.000 0.952 0.103 0.186 0.000 0.000 0.897 
1.000 0.952 0.102 0.184 0.000 0.000 0.898 
1.000 0.952 0.101 0.182 0.000 0.000 0.899 
1.000 0.952 0.100 0.181 0.000 0.000 0.900 
1.000 0.952 0.099 0.179 0.000 0.000 0.901 
1.000 0.952 0.098 0.178 0.000 0.000 0.902 
1.000 0.952 0.097 0.176 0.000 0.000 0.903 
1.000 0.952 0.096 0.174 0.000 0.000 0.904 
1.000 0.952 0.095 0.172 0.000 0.000 0.905 
1.000 0.952 0.094 0.171 0.000 0.000 0.906 
1.000 0.952 0.093 0.169 0.000 0.000 0.907 
1.000 0.952 0.092 0.168 0.000 0.000 0.908 
1.000 0.952 0.091 0.167 0.000 0.000 0.909 
1.000 0.952 0.091 0.165 0.000 0.000 0.909 
1.000 0.952 0.089 0.163 0.000 0.000 0.911 
1.000 0.952 0.089 0.162 0.000 0.000 0.911 
1.000 0.952 0.088 0.161 0.000 0.000 0.912 
1.000 0.952 0.087 0.160 0.000 0.000 0.913 
1.000 0.952 0.086 0.158 0.000 0.000 0.914 
1.000 0.952 0.085 0.157 0.000 0.000 0.915 
1.000 0.952 0.085 0.156 0.000 0.000 0.915 
1.000 0.952 0.084 0.155 0.000 0.000 0.916 
1.000 0.952 0.083 0.153 0.000 0.000 0.917 
1.000 0.952 0.082 0.152 0.000 0.000 0.918 
1.000 0.952 0.082 0.151 0.000 0.000 0.918 
1.000 0.952 0.081 0.149 0.000 0.000 0.919 
1.000 0.952 0.080 0.148 0.000 0.000 0.920 
1.000 0.952 0.079 0.146 0.000 0.000 0.921 
1.000 0.952 0.078 0.145 0.000 0.000 0.922 
1.001 0.952 0.078 0.144 0.000 0.000 0.922 
1.001 0.952 0.077 0.143 0.000 0.000 0.923 
1.001 0.952 0.076 0.142 0.000 0.000 0.924 
1.001 0.952 0.076 0.141 0.000 0.000 0.924 
1.001 0.952 0.076 0.140 0.000 0.000 0.924 
1.001 0.952 0.075 0.139 0.000 0.000 0.925 
1.001 0.952 0.074 0.138 0.000 0.000 0.926 
1.001 0.952 0.073 0.136 0.000 0.000 0.927 
1.001 0.952 0.073 0.135 0.000 0.000 0.927 
1.001 0.952 0.072 0.134 0.000 0.000 0.928 
1.001 0.952 0.071 0.133 0.000 0.000 0.929 
1.001 0.952 0.070 0.131 0.000 0.000 0.930 
1.001 0.952 0.070 0.130 0.000 0.000 0.930 
1.001 0.952 0.069 0.129 0.000 0.000 0.931 
1.001 0.952 0.068 0.128 0.000 0.000 0.932 
1.001 0.952 0.068 0.126 0.000 0.000 0.932 
1.001 0.952 0.067 0.126 0.000 0.000 0.933 
1.001 0.952 0.067 0.125 0.000 0.000 0.933 
1.001 0.952 0.066 0.123 0.000 0.000 0.934 
1.001 0.952 0.065 0.122 0.000 0.000 0.935 
1.001 0.952 0.065 0.121 0.000 0.000 0.935 
1.001 0.952 0.064 0.120 0.000 0.000 0.936 
1.001 0.952 0.064 0.119 0.000 0.000 0.936 
1.001 0.952 0.063 0.119 0.000 0.000 0.937 
1.001 0.952 0.063 0.118 0.000 0.000 0.937 
1.001 0.952 0.062 0.116 0.000 0.000 0.938 
1.001 0.952 0.061 0.115 0.000 0.000 0.939 
1.001 0.952 0.061 0.114 0.000 0.000 0.939 
1.001 0.952 0.060 0.113 0.000 0.000 0.940 
1.001 0.952 0.060 0.112 0.000 0.000 0.940 
1.001 0.952 0.059 0.111 0.000 0.000 0.941 
1.001 0.952 0.058 0.110 0.000 0.000 0.942 
1.001 0.952 0.058 0.109 0.000 0.000 0.942 
1.001 0.952 0.057 0.108 0.000 0.000 0.943 
1.001 0.952 0.057 0.107 0.000 0.000 0.943 
1.001 0.952 0.056 0.106 0.000 0.000 0.944 
1.001 0.952 0.056 0.105 0.000 0.000 0.944 
1.001 0.952 0.055 0.104 0.000 0.000 0.945 
1.001 0.952 0.055 0.103 0.000 0.000 0.945 
1.001 0.952 0.054 0.102 0.000 0.000 0.946 
1.001 0.952 0.053 0.101 0.000 0.000 0.947 
1.001 0.952 0.053 0.100 0.000 0.000 0.947 
1.001 0.952 0.052 0.100 0.000 0.000 0.948 
1.001 0.952 0.052 0.099 0.000 0.000 0.948 
1.001 0.952 0.052 0.098 0.000 0.000 0.948 
1.001 0.952 0.051 0.097 0.000 0.000 0.949 
1.001 0.952 0.050 0.096 0.000 0.000 0.950 
1.001 0.952 0.050 0.095 0.000 0.000 0.950 
1.001 0.952 0.050 0.094 0.000 0.000 0.950 
1.001 0.952 0.049 0.093 0.000 0.000 0.951 
1.001 0.952 0.048 0.092 0.000 0.000 0.952 
1.001 0.952 0.048 0.091 0.000 0.000 0.952 
1.001 0.952 0.047 0.090 0.000 0.000 0.953 
1.001 0.952 0.047 0.089 0.000 0.000 0.953 
1.001 0.952 0.046 0.089 0.000 0.000 0.954 
1.001 0.952 0.046 0.087 0.000 0.000 0.954 
1.001 0.952 0.045 0.086 0.000 0.000 0.955 
1.001 0.952 0.044 0.085 0.000 0.000 0.956 
1.001 0.952 0.044 0.084 0.000 0.000 0.956 
1.001 0.952 0.044 0.083 0.000 0.000 0.956 
1.001 0.952 0.043 0.083 0.000 0.000 0.957 
1.001 0.952 0.043 0.082 0.000 0.000 0.957 
1.001 0.952 0.042 0.081 0.000 0.000 0.958 
1.001 0.952 0.042 0.080 0.000 0.000 0.958 
1.001 0.952 0.041 0.079 0.000 0.000 0.959 
1.001 0.952 0.041 0.078 0.000 0.000 0.959 
1.001 0.952 0.040 0.077 0.000 0.000 0.960 
1.001 0.952 0.040 0.076 0.000 0.000 0.960 
1.001 0.952 0.039 0.076 0.000 0.000 0.961 
1.001 0.952 0.039 0.075 0.000 0.000 0.961 
1.001 0.952 0.039 0.074 0.000 0.000 0.961 
1.001 0.952 0.038 0.074 0.000 0.000 0.962 
1.001 0.952 0.038 0.073 0.000 0.000 0.962 
1.001 0.952 0.038 0.072 0.000 0.000 0.962 
1.001 0.952 0.037 0.072 0.000 0.000 0.963 
1.001 0.952 0.037 0.071 0.000 0.000 0.963 
1.002 0.952 0.037 0.071 0.000 0.000 0.963 
1.002 0.952 0.037 0.070 0.000 0.000 0.963 
1.002 0.952 0.036 0.070 0.000 0.000 0.964 
1.002 0.952 0.036 0.069 0.000 0.000 0.964 
1.002 0.952 0.035 0.068 0.000 0.000 0.965 
1.002 0.952 0.035 0.067 0.000 0.000 0.965 
1.002 0.952 0.034 0.066 0.000 0.000 0.966 
1.002 0.952 0.034 0.065 0.000 0.000 0.966 
1.002 0.952 0.033 0.065 0.000 0.000 0.967 
1.002 0.952 0.033 0.064 0.000 0.000 0.967 
1.002 0.952 0.033 0.063 0.000 0.000 0.967 
1.002 0.952 0.032 0.063 0.000 0.000 0.968 
1.002 0.952 0.032 0.062 0.000 0.000 0.968 
1.002 0.952 0.032 0.061 0.000 0.000 0.968 
1.002 0.952 0.031 0.061 0.000 0.000 0.969 
1.002 0.952 0.031 0.060 0.000 0.000 0.969 
1.002 0.952 0.031 0.059 0.000 0.000 0.969 
1.002 0.952 0.030 0.059 0.000 0.000 0.970 
1.002 0.952 0.030 0.058 0.000 0.000 0.970 
1.002 0.952 0.030 0.057 0.000 0.000 0.970 
1.002 0.952 0.029 0.057 0.000 0.000 0.971 
1.002 0.952 0.029 0.056 0.000 0.000 0.971 
1.002 0.952 0.029 0.055 0.000 0.000 0.971 
1.002 0.952 0.028 0.055 0.000 0.000 0.972 
1.002 0.952 0.028 0.054 0.000 0.000 0.972 
1.002 0.952 0.027 0.053 0.000 0.000 0.973 
1.002 0.952 0.027 0.052 0.000 0.000 0.973 
1.002 0.952 0.026 0.051 0.000 0.000 0.974 
1.002 0.952 0.026 0.050 0.000 0.000 0.974 
1.002 0.952 0.025 0.050 0.000 0.000 0.975 
1.002 0.952 0.025 0.049 0.000 0.000 0.975 
1.002 0.952 0.025 0.048 0.000 0.000 0.975 
1.002 0.952 0.024 0.048 0.000 0.000 0.976 
1.002 0.952 0.024 0.047 0.000 0.000 0.976 
1.002 0.952 0.024 0.046 0.000 0.000 0.976 
1.002 0.952 0.023 0.046 0.000 0.000 0.977 
1.002 0.952 0.023 0.045 0.000 0.000 0.977 
1.002 0.952 0.023 0.044 0.000 0.000 0.977 
1.002 0.952 0.022 0.044 0.000 0.000 0.978 
1.002 0.952 0.022 0.043 0.000 0.000 0.978 
1.002 0.952 0.022 0.042 0.000 0.000 0.978 
1.002 0.952 0.021 0.042 0.000 0.000 0.979 
1.002 0.952 0.021 0.041 0.000 0.000 0.979 
1.002 0.952 0.021 0.040 0.000 0.000 0.979 
1.002 0.952 0.020 0.040 0.000 0.000 0.980 
1.002 0.952 0.020 0.039 0.000 0.000 0.980 
1.002 0.952 0.019 0.038 0.000 0.000 0.981 
1.002 0.952 0.019 0.037 0.000 0.000 0.981 
1.003 0.952 0.019 0.037 0.000 0.000 0.981 
1.003 0.952 0.018 0.036 0.000 0.000 0.982 
1.003 0.952 0.018 0.035 0.000 0.000 0.982 
1.003 0.952 0.017 0.034 0.000 0.000 0.983 
1.003 0.952 0.017 0.033 0.000 0.000 0.983 
1.003 0.952 0.016 0.032 0.000 0.000 0.984 
1.003 0.952 0.016 0.031 0.000 0.000 0.984 
1.003 0.952 0.015 0.030 0.000 0.000 0.985 
1.003 0.952 0.015 0.029 0.000 0.000 0.985 
1.003 0.952 0.014 0.028 0.000 0.000 0.986 
1.003 0.952 0.014 0.027 0.000 0.000 0.986 
1.003 0.952 0.013 0.027 0.000 0.000 0.987 
1.003 0.952 0.013 0.026 0.000 0.000 0.987 
1.003 0.952 0.013 0.025 0.000 0.000 0.987 
1.003 0.952 0.012 0.025 0.000 0.000 0.988 
1.003 0.952 0.012 0.024 0.000 0.000 0.988 
1.003 0.952 0.012 0.023 0.000 0.000 0.988 
1.003 0.952 0.011 0.023 0.000 0.000 0.989 
1.003 0.952 0.011 0.022 0.000 0.000 0.989 
1.003 0.952 0.011 0.021 0.000 0.000 0.989 
1.003 0.952 0.010 0.021 0.000 0.000 0.990 
1.003 0.952 0.010 0.020 0.000 0.000 0.990 
1.003 0.952 0.010 0.019 0.000 0.000 0.990 
1.003 0.952 0.009 0.019 0.000 0.000 0.991 
1.003 0.952 0.009 0.018 0.000 0.000 0.991 
1.004 0.952 0.009 0.018 0.000 0.000 0.991 
1.004 0.952 0.009 0.017 0.000 0.000 0.991 
1.004 0.952 0.008 0.017 0.000 0.000 0.992 
1.004 0.952 0.008 0.016 0.000 0.000 0.992 
1.004 0.952 0.008 0.015 0.000 0.000 0.992 
1.004 0.952 0.007 0.015 0.000 0.000 0.993 
1.004 0.952 0.007 0.014 0.000 0.000 0.993 
1.004 0.952 0.007 0.013 0.000 0.000 0.993 
1.004 0.952 0.006 0.013 0.000 0.000 0.994 
1.004 0.952 0.006 0.012 0.000 0.000 0.994 
1.004 0.952 0.006 0.011 0.000 0.000 0.994 
1.004 0.952 0.005 0.011 0.000 0.000 0.995 
1.004 0.952 0.005 0.010 0.000 0.000 0.995 
1.005 0.952 0.005 0.010 0.000 0.000 0.995 
1.005 0.952 0.005 0.009 0.000 0.000 0.995 
1.005 0.952 0.004 0.009 0.000 0.000 0.996 
1.005 0.952 0.004 0.008 0.000 0.000 0.996 
1.005 0.952 0.004 0.007 0.000 0.000 0.996 
1.005 0.952 0.003 0.007 0.000 0.000 0.997 
1.005 0.952 0.003 0.006 0.000 0.000 0.997 
1.005 0.952 0.003 0.005 0.000 0.000 0.997 
1.005 0.952 0.002 0.005 0.000 0.000 0.998 
1.006 0.952 0.002 0.005 0.000 0.000 0.998 
1.006 0.952 0.002 0.004 0.000 0.000 0.998 
1.006 0.952 0.002 0.003 0.000 0.000 0.998 
1.006 0.952 0.001 0.003 0.000 0.000 0.999 
1.006 0.952 0.001 0.002 0.000 0.000 0.999 
1.007 0.952 0.001 0.002 0.000 0.000 0.999 
1.007 0.952 0.001 0.001 0.000 0.000 0.999 
1.008 0.952 0.001 0.001 0.000 0.000 0.999 
1.008 0.952 0.000 0.001 0.000 0.000 1.000 
1.009 0.952 0.000 0.001 0.000 0.000 1.000 
1.010 0.952 0.000 0.001 0.000 0.000 1.000 
1.012 0.952 0.000 0.000 0.000 0.000 1.000 
1.022 0.952 0.000 0.000 0.000 0.000 1.000 
1.059 0.952 0.000 0.000 0.000 0.000 1.000 
1.107 0.952 0.000 0.000 0.000 0.000 1.000 
1.181 0.952 0.000 0.000 0.000 0.000 1.000 
1.245 0.952 0.000 0.000 0.000 0.000 1.000 
1.318 0.952 0.000 0.000 0.000 0.000 1.000 
1.852 0.952 0.000 0.000 0.000 0.000 1.000 
